placeholder

Dynamic
[1, 29871, 
5208, 672, 29874, 29901, 3457, 269, 2004, 29899, 284, 5363, 270, 1981, 29892, 
6317, 856, 1226, 261, 1431, 29877, 557, 29889, 
199, 141, 
29909, 29901, 503, 264, 10222, 634, 29874,
199, 141, 
29933, 29901, 447, 11718, 289, 475, 29877, 
199, 141, 
29907, 29901, 302, 2963, 1226, 29877, 298, 2883,
199, 141,
29928, 29901, 3777, 262, 289, 475, 29877, 3777, 262,
199, 141,
2110, 424, 29920, 4347, 29901, 
2]

Latxa
[5208, 672, 29874, 29901, 3457, 269, 2004, 29899, 284, 5363, 270, 1981, 29892, 
6317, 856, 1226, 261, 1431, 29877, 557, 29889, 
13, 
29909, 29901, 503, 264, 10222, 634, 29874,
13, 
29933, 29901, 447, 11718, 289, 475, 29877,
13,
29907, 29901, 302, 2963, 1226, 29877, 298, 2883,
13,
29928, 29901, 3777, 262, 289, 475, 29877, 3777, 262,
13,
2110, 424, 29920, 4347, 29901]
